spectrum=kolmogorov  sigma(M)=A (M/M_L)^0.222   M_L=1.01e+60 m_P
A       dc    f_unfrag         <1e14 kg (pre-BBN)    1e14-3e20 (BBN-recomb)  3e20-6e22 (recomb-today)     >6e22 (permanent PBH)           >2e30 (>1 Msun)          2e32-2e35 (IMBH)
0.01    0.30   1.00e+00                  0.00e+00                  0.00e+00                  0.00e+00                 3.39e-199                 3.39e-199                  0.00e+00
0.01    0.45   1.00e+00                  0.00e+00                  0.00e+00                  0.00e+00                  0.00e+00                  0.00e+00                  0.00e+00
0.01    0.70   1.00e+00                  0.00e+00                  0.00e+00                  0.00e+00                  0.00e+00                  0.00e+00                  0.00e+00
0.01    1.00   1.00e+00                  0.00e+00                  0.00e+00                  0.00e+00                  0.00e+00                  0.00e+00                  0.00e+00
0.03    0.30   1.00e+00                  0.00e+00                  0.00e+00                  0.00e+00                  9.63e-25                  9.63e-25                  0.00e+00
0.03    0.45   1.00e+00                  0.00e+00                  0.00e+00                  0.00e+00                  3.07e-52                  3.07e-52                  0.00e+00
0.03    0.70   1.00e+00                  0.00e+00                  0.00e+00                  0.00e+00                 7.14e-122                 7.14e-122                  0.00e+00
0.03    1.00   1.00e+00                  0.00e+00                  0.00e+00                  0.00e+00                 4.39e-245                 4.39e-245                  0.00e+00
0.10    0.30   9.99e-01                  0.00e+00                  0.00e+00                  0.00e+00                  1.11e-03                  1.11e-03                  0.00e+00
0.10    0.45   1.00e+00                  0.00e+00                  0.00e+00                  0.00e+00                  1.45e-06                  1.45e-06                  0.00e+00
0.10    0.70   1.00e+00                  0.00e+00                  0.00e+00                  0.00e+00                  2.69e-13                  2.69e-13                  0.00e+00
0.10    1.00   1.00e+00                  0.00e+00                  0.00e+00                  0.00e+00                  9.63e-25                  9.63e-25                  0.00e+00
0.20    0.30   8.64e-01                  0.00e+00                  0.00e+00                  0.00e+00                  1.36e-01                  1.36e-01                  0.00e+00
0.20    0.45   9.85e-01                  0.00e+00                  0.00e+00                  0.00e+00                  1.53e-02                  1.53e-02                  0.00e+00
0.20    0.70   1.00e+00                  0.00e+00                  0.00e+00                  0.00e+00                  1.49e-04                  1.49e-04                  0.00e+00
0.20    1.00   1.00e+00                  0.00e+00                  0.00e+00                  0.00e+00                  1.03e-07                  1.03e-07                  0.00e+00
0.30    0.30   5.74e-01                  0.00e+00                  0.00e+00                  0.00e+00                  4.24e-01                  4.24e-01                  0.00e+00
0.30    0.45   8.64e-01                  0.00e+00                  0.00e+00                  0.00e+00                  1.36e-01                  1.36e-01                  0.00e+00
0.30    0.70   9.88e-01                  0.00e+00                  0.00e+00                  0.00e+00                  1.17e-02                  1.17e-02                  0.00e+00
0.30    1.00   1.00e+00                  0.00e+00                  0.00e+00                  0.00e+00                  2.98e-04                  2.98e-04                  0.00e+00
0.50    0.30   2.10e-01                  0.00e+00                  0.00e+00                  0.00e+00                  7.86e-01                  7.86e-01                  0.00e+00
0.50    0.45   4.88e-01                  0.00e+00                  0.00e+00                  0.00e+00                  5.10e-01                  5.10e-01                  0.00e+00
0.50    0.70   8.25e-01                  0.00e+00                  0.00e+00                  0.00e+00                  1.75e-01                  1.75e-01                  0.00e+00
0.50    1.00   9.67e-01                  0.00e+00                  0.00e+00                  0.00e+00                  3.34e-02                  3.34e-02                  0.00e+00
0.70    0.30   8.30e-02                  0.00e+00                  0.00e+00                  0.00e+00                  9.12e-01                  9.12e-01                  0.00e+00
0.70    0.45   2.48e-01                  0.00e+00                  0.00e+00                  0.00e+00                  7.49e-01                  7.49e-01                  0.00e+00
0.70    0.70   5.74e-01                  0.00e+00                  0.00e+00                  0.00e+00                  4.24e-01                  4.24e-01                  0.00e+00
0.70    1.00   8.37e-01                  0.00e+00                  0.00e+00                  0.00e+00                  1.63e-01                  1.63e-01                  0.00e+00
1.00    0.30   2.61e-02                  0.00e+00                  0.00e+00                  0.00e+00                  9.68e-01                  9.68e-01                  0.00e+00
1.00    0.45   9.59e-02                  0.00e+00                  0.00e+00                  0.00e+00                  8.99e-01                  8.99e-01                  0.00e+00
1.00    0.70   3.00e-01                  0.00e+00                  0.00e+00                  0.00e+00                  6.96e-01                  6.96e-01                  0.00e+00
1.00    1.00   5.74e-01                  0.00e+00                  0.00e+00                  0.00e+00                  4.24e-01                  4.24e-01                  0.00e+00
configurations in the window: []
spectrum=flat  sigma(M)=A (M/M_L)^0.006   M_L=1.01e+60 m_P
A       dc    f_unfrag         <1e14 kg (pre-BBN)    1e14-3e20 (BBN-recomb)  3e20-6e22 (recomb-today)     >6e22 (permanent PBH)           >2e30 (>1 Msun)          2e32-2e35 (IMBH)
0.01    0.30   1.00e+00                  0.00e+00                  0.00e+00                  0.00e+00                 2.04e-198                 2.04e-198                  0.00e+00
0.01    0.45   1.00e+00                  0.00e+00                  0.00e+00                  0.00e+00                  0.00e+00                  0.00e+00                  0.00e+00
0.01    0.70   1.00e+00                  0.00e+00                  0.00e+00                  0.00e+00                  0.00e+00                  0.00e+00                  0.00e+00
0.01    1.00   1.00e+00                  0.00e+00                  0.00e+00                  0.00e+00                  0.00e+00                  0.00e+00                  0.00e+00
0.03    0.30   1.00e+00                  4.26e-63                  2.90e-53                  3.62e-50                  2.56e-23                  2.56e-23                  3.22e-36
0.03    0.45   1.00e+00                 1.17e-139                 1.13e-117                 9.36e-111                  5.65e-51                  5.65e-51                  1.22e-79
0.03    0.70   1.00e+00                  0.00e+00                 1.65e-281                 7.93e-265                 6.73e-121                 6.73e-121                 7.66e-190
0.03    1.00   1.00e+00                  0.00e+00                  0.00e+00                  0.00e+00                 2.18e-244                 2.18e-244                  0.00e+00
0.10    0.30   9.60e-01                  3.15e-06                  2.68e-05                  3.14e-05                  3.95e-02                  3.91e-02                  8.33e-04
0.10    0.45   1.00e+00                  1.44e-13                  1.71e-11                  6.09e-11                  5.09e-05                  5.09e-05                  5.81e-08
0.10    0.70   1.00e+00                  1.29e-31                  9.67e-27                  3.23e-25                  8.51e-12                  8.51e-12                  2.82e-18
0.10    1.00   1.00e+00                  4.26e-63                  2.90e-53                  3.62e-50                  2.56e-23                  2.56e-23                  3.22e-36
0.20    0.30   4.23e-03                  2.05e-01                  1.73e-01                  7.26e-02                  5.45e-01                  3.00e-01                  7.68e-02
0.20    0.45   5.64e-01                  1.69e-03                  4.88e-03                  3.56e-03                  4.26e-01                  4.00e-01                  2.54e-02
0.20    0.70   9.95e-01                  2.16e-08                  4.07e-07                  6.76e-07                  5.37e-03                  5.36e-03                  5.07e-05
0.20    1.00   1.00e+00                  1.37e-16                  4.74e-14                  2.54e-13                  3.55e-06                  3.55e-06                  1.10e-09
0.30    0.30   1.47e-09                  9.35e-01                  5.12e-02                  6.23e-03                  6.24e-03                  4.06e-04                  1.30e-04
0.30    0.45   4.23e-03                  2.05e-01                  1.73e-01                  7.26e-02                  5.45e-01                  3.00e-01                  7.68e-02
0.30    0.70   6.47e-01                  9.01e-04                  2.92e-03                  2.24e-03                  3.47e-01                  3.29e-01                  1.84e-02
0.30    1.00   9.89e-01                  1.22e-07                  1.75e-06                  2.58e-06                  1.07e-02                  1.07e-02                  1.35e-04
0.50    0.30   9.12e-23                  9.97e-01                  4.62e-06                  2.62e-08                  4.46e-09                  4.63e-12                  6.22e-13   <-- window
0.50    0.45   5.56e-12                  9.83e-01                  1.37e-02                  9.94e-04                  6.59e-04                  1.94e-05                  5.46e-06
0.50    0.70   7.50e-04                  3.28e-01                  2.10e-01                  7.70e-02                  3.84e-01                  1.67e-01                  4.94e-02
0.50    1.00   2.82e-01                  1.01e-02                  2.04e-02                  1.29e-02                  6.74e-01                  5.98e-01                  5.85e-02
0.70    0.30   1.23e-31                  9.94e-01                  1.56e-09                  9.44e-13                  6.55e-14                  5.20e-18                  3.72e-19
0.70    0.45   7.26e-21                  9.97e-01                  2.25e-05                  2.04e-07                  4.28e-08                  7.85e-11                  1.21e-11   <-- window
0.70    0.70   1.47e-09                  9.35e-01                  5.12e-02                  6.23e-03                  6.24e-03                  4.06e-04                  1.30e-04
0.70    1.00   1.29e-03                  2.88e-01                  2.01e-01                  7.70e-02                  4.32e-01                  2.02e-01                  5.76e-02
1.00    0.30   1.55e-39                  9.91e-01                  7.10e-13                  5.61e-17                  1.86e-18                  1.63e-23                  6.78e-25
1.00    0.45   2.03e-30                  9.94e-01                  4.92e-09                  4.05e-12                  3.16e-13                  3.54e-17                  2.76e-18
1.00    0.70   1.59e-18                  9.98e-01                  1.45e-04                  2.32e-06                  6.38e-07                  2.39e-09                  4.34e-10   <-- window
1.00    1.00   1.47e-09                  9.35e-01                  5.12e-02                  6.23e-03                  6.24e-03                  4.06e-04                  1.30e-04
configurations in the window: [(0.5, 0.3), (0.7, 0.45), (1.0, 0.7)]
