q     M_piv[kg]  dc    f_surv    tail/f           BBN   lateBBN        mu         y      post   n=1+6q (blue)
0.05      1e+08  0.45   3.99e-07  9.06e-29   3.05e-11  1.57e-13  4.57e-15  4.19e-18  4.71e-24    1.30
0.05      1e+10  0.45   1.16e-08  7.69e-19   2.89e-11  8.04e-13  8.34e-14  8.65e-16  1.21e-19    1.30
0.05      1e+12  0.45   2.71e-10  1.79e-12   7.10e-12  5.55e-13  1.36e-13  6.78e-15  2.02e-17    1.30
0.05      1e+13  0.45   3.88e-11  3.42e-10   2.47e-12  2.72e-13  9.16e-14  8.10e-15  7.16e-17    1.30
0.10      1e+08  0.45   8.20e-11  0.00e+00   3.43e-26  2.71e-47  1.56e-67 8.83e-122 1.52e-285    1.60
0.10      1e+10  0.45   9.61e-13  0.00e+00   2.16e-19  4.00e-28  2.36e-36  3.28e-58 9.79e-124    1.60
0.10      1e+12  0.45   1.06e-14 2.11e-128   1.43e-17  2.38e-21  8.66e-25  9.60e-34  3.55e-60    1.60  ALIVE
0.10      1e+13  0.45   1.10e-15  3.56e-82   1.62e-17  4.50e-20  2.46e-22  3.91e-28  5.07e-45    1.60  ALIVE
0.15      1e+08  0.45   1.44e-12  0.00e+00   4.73e-69 5.32e-230  0.00e+00  0.00e+00  0.00e+00    1.90
0.15      1e+10  0.45   1.47e-14  0.00e+00   5.22e-30  4.64e-71 6.21e-125 1.41e-320  0.00e+00    1.90  ALIVE
0.15      1e+12  0.45   1.49e-16  0.00e+00   4.37e-21  5.23e-32  7.38e-46  1.91e-95 1.09e-322    1.90  ALIVE
0.15      1e+13  0.45   1.50e-17  0.00e+00   5.14e-20  7.34e-26  5.22e-33  3.52e-58 1.95e-172    1.90  ALIVE
0.20      1e+08  0.45   1.64e-13  0.00e+00  1.50e-229  0.00e+00  0.00e+00  0.00e+00  0.00e+00    2.20
0.20      1e+10  0.45   1.64e-15  0.00e+00   8.78e-52 1.20e-231  0.00e+00  0.00e+00  0.00e+00    2.20  ALIVE
0.20      1e+12  0.45   1.65e-17  0.00e+00   2.26e-24  8.48e-54 3.05e-105  0.00e+00  0.00e+00    2.20  ALIVE
0.20      1e+13  0.45   1.65e-18  0.00e+00   1.22e-21  5.47e-34  8.34e-55 5.00e-156  0.00e+00    2.20  ALIVE
0.30      1e+08  0.45   1.80e-14  0.00e+00   0.00e+00  0.00e+00  0.00e+00  0.00e+00  0.00e+00    2.80  ALIVE
0.30      1e+10  0.45   1.80e-16  0.00e+00  7.02e-230  0.00e+00  0.00e+00  0.00e+00  0.00e+00    2.80  ALIVE
0.30      1e+12  0.45   1.80e-18  0.00e+00   6.46e-34 5.05e-232  0.00e+00  0.00e+00  0.00e+00    2.80  ALIVE
0.30      1e+13  0.45   1.80e-19  0.00e+00   3.22e-24  3.85e-75 4.28e-233  0.00e+00  0.00e+00    2.80  ALIVE
0.50      1e+08  0.45   3.06e-15  0.00e+00   0.00e+00  0.00e+00  0.00e+00  0.00e+00  0.00e+00    4.00  ALIVE
0.50      1e+10  0.45   3.06e-17  0.00e+00   0.00e+00  0.00e+00  0.00e+00  0.00e+00  0.00e+00    4.00  ALIVE
0.50      1e+12  0.45   3.06e-19  0.00e+00  7.12e-104  0.00e+00  0.00e+00  0.00e+00  0.00e+00    4.00  ALIVE
0.50      1e+13  0.45   3.06e-20  0.00e+00   1.68e-30  0.00e+00  0.00e+00  0.00e+00  0.00e+00    4.00  ALIVE
